0.174041  0.236726  0.384218  0.205015
0.201819  0.227139  0.366519  0.204523
0.193953  0.212389  0.397738  0.195919
0.182891  0.241642  0.381023  0.194444
0.200344  0.214110  0.388643  0.196903
0.234513  0.206244  0.400197  0.159046
0.213127  0.238446  0.372665  0.175762
0.211898  0.208456  0.393314  0.186332
0.242871  0.233776  0.387906  0.135447
0.192970  0.265487  0.354474  0.187070
0.209931  0.232055  0.365290  0.192724
0.199853  0.230580  0.386431  0.183137
0.217060  0.232793  0.357670  0.192478
0.214356  0.198869  0.434120  0.152655
0.201819  0.209440  0.372911  0.215831
0.215585  0.216814  0.389135  0.178466
0.166421  0.233530  0.381268  0.218781
0.167158  0.293510  0.359145  0.180187
0.221485  0.279499  0.319567  0.179449
0.258358  0.211160  0.355457  0.175025
0.183382  0.252704  0.408309  0.155605
0.221731  0.290560  0.335300  0.152409
0.210914  0.267453  0.329154  0.192478
0.180678  0.248771  0.361603  0.208948
0.231072  0.236971  0.333333  0.198623
0.215339  0.244100  0.376598  0.163963
0.184120  0.273353  0.366273  0.176254
0.174779  0.265487  0.359390  0.200344
0.211406  0.290315  0.341937  0.156342
0.212144  0.283677  0.347099  0.157080
0.244100  0.213864  0.362586  0.179449
0.216568  0.242625  0.426745  0.114061
0.196657  0.282448  0.352507  0.168387
0.181908  0.281957  0.348083  0.188053
0.212881  0.217306  0.364553  0.205261
0.209194  0.217797  0.385693  0.187316
0.156342  0.219027  0.429941  0.194690
0.195674  0.215093  0.419371  0.169862
0.194936  0.244592  0.388643  0.171829
0.223943  0.205998  0.379548  0.190511
0.204523  0.236234  0.387414  0.171829
0.204523  0.253196  0.352262  0.190020
0.233776  0.259833  0.368732  0.137660
0.223697  0.253196  0.385939  0.137168
0.230334  0.234513  0.352262  0.182891
0.180678  0.228859  0.432153  0.158309
0.214602  0.240413  0.372911  0.172075
0.229351  0.231318  0.347591  0.191740
0.215093  0.191249  0.417404  0.176254
0.201327  0.218043  0.402163  0.178466
0.229105  0.247050  0.343166  0.180678