0.189017  0.339435  0.234779  0.236769
0.208914  0.342618  0.239156  0.209312
0.183446  0.297652  0.306009  0.212893
0.178273  0.280143  0.336251  0.205332
0.151612  0.341823  0.273378  0.233187
0.180661  0.333864  0.253084  0.232392
0.176681  0.271787  0.293275  0.258257
0.166335  0.286908  0.337047  0.209710
0.152010  0.363709  0.335456  0.148826
0.173100  0.402706  0.223239  0.200955
0.192201  0.299244  0.283725  0.224831
0.203343  0.341027  0.276960  0.178671
0.174294  0.332670  0.281735  0.211301
0.140867  0.356148  0.316753  0.186232
0.195384  0.318743  0.235575  0.250298
0.197772  0.254676  0.314365  0.233187
0.153999  0.323518  0.339833  0.182650
0.135694  0.372065  0.297254  0.194986
0.116594  0.296856  0.216076  0.370474
0.127736  0.470354  0.260247  0.141663
0.239156  0.339435  0.192598  0.228810
0.174294  0.348587  0.290887  0.186232
0.181058  0.323120  0.275766  0.220056
0.149224  0.390370  0.240748  0.219658
0.155591  0.477119  0.179467  0.187823
0.124950  0.439316  0.192996  0.242738
0.196578  0.391166  0.272185  0.140072
0.247513  0.283327  0.211699  0.257461
0.147234  0.410267  0.252288  0.190211
0.196976  0.405491  0.193792  0.203741
0.082372  0.434540  0.218464  0.264624
0.200557  0.401910  0.201353  0.196180
0.197374  0.348189  0.190609  0.263828
0.124154  0.481098  0.210107  0.184640
0.219260  0.361321  0.162356  0.257063
0.138878  0.332670  0.293673  0.234779
0.163550  0.387585  0.213291  0.235575
0.235177  0.312376  0.224433  0.228014
0.153999  0.373259  0.269001  0.203741
0.195384  0.334660  0.220056  0.249901
0.153203  0.368086  0.238758  0.239952
0.213689  0.384799  0.155193  0.246319
0.174294  0.345006  0.245523  0.235177
0.191405  0.301632  0.274970  0.231994
0.133307  0.315161  0.320732  0.230800
0.211301  0.352567  0.226423  0.209710
0.204934  0.272981  0.272583  0.249503
0.198170  0.296458  0.315161  0.190211
0.171508  0.341823  0.271787  0.214883
0.222045  0.331874  0.249901  0.196180
0.167131  0.364107  0.260247  0.208516
