0.176934  0.344510  0.230974  0.247581
0.186767  0.329986  0.250587  0.232661
0.203875  0.345301  0.271227  0.179597
0.206643  0.315434  0.223408  0.254514
0.200580  0.326559  0.241492  0.231369
0.183973  0.348965  0.259312  0.207750
0.152919  0.378041  0.239172  0.229867
0.165467  0.400685  0.244339  0.189508
0.204376  0.289179  0.249084  0.257361
0.167576  0.380598  0.289601  0.162225
0.187927  0.357506  0.253223  0.201344
0.170318  0.351417  0.244945  0.233320
0.174219  0.352023  0.200685  0.273072
0.145512  0.334440  0.232714  0.287334
0.127587  0.372216  0.219349  0.280849
0.181706  0.371557  0.212890  0.233847
0.175089  0.363227  0.245552  0.216133
0.184455  0.356035  0.278534  0.180975
0.246843  0.299196  0.262765  0.191195
0.181679  0.344299  0.291815  0.182206
0.150257  0.483959  0.175722  0.190062
0.157427  0.246474  0.126532  0.469566
0.115382  0.319784  0.232055  0.332780
0.176117  0.415474  0.276288  0.132121
0.188217  0.363464  0.203084  0.245235
0.220166  0.350178  0.226545  0.203111
0.150600  0.352129  0.271359  0.225913
0.069276  0.412390  0.310531  0.207803
0.364545  0.230658  0.192118  0.212680
0.302148  0.267537  0.242863  0.187452
0.121972  0.469856  0.194148  0.214024
0.155424  0.380941  0.189561  0.274074
0.142533  0.432134  0.213339  0.211994
0.178648  0.376512  0.209174  0.235666
0.143482  0.411362  0.241413  0.203743
0.168868  0.378068  0.234665  0.218400
0.213391  0.327349  0.195730  0.263530
0.150811  0.337024  0.245446  0.266719
0.178621  0.400369  0.209411  0.211599
0.171504  0.394174  0.190246  0.244075
0.137657  0.388823  0.236062  0.237459
0.154765  0.375089  0.223646  0.246501
0.180018  0.398339  0.279900  0.141742
0.175933  0.399025  0.207618  0.217425
0.174325  0.388665  0.234559  0.202452
0.195598  0.383208  0.222512  0.198682
0.182075  0.386872  0.223303  0.207750
0.184052  0.379702  0.243601  0.192645
0.226176  0.351232  0.255121  0.167471
0.198682  0.362752  0.256992  0.181574
0.154923  0.372242  0.277053  0.195782