0.221550  0.203835  0.148447  0.426168
0.204510  0.211774  0.144585  0.439130
0.204024  0.218553  0.142641  0.434783
0.192898  0.211990  0.159114  0.435998
0.141345  0.168620  0.142452  0.547583
0.091898  0.142695  0.100000  0.665406
0.096543  0.220875  0.107588  0.574993
0.101107  0.338293  0.102863  0.457737
0.085012  0.425817  0.092331  0.396840
0.074561  0.455496  0.094734  0.375209
0.092601  0.422144  0.088766  0.396489
0.088928  0.331245  0.070159  0.509668
0.073994  0.210397  0.064812  0.650797
0.051715  0.140535  0.058007  0.749743
0.050284  0.107777  0.051823  0.790116
0.050014  0.087686  0.048123  0.814178
0.054388  0.074264  0.046584  0.824764
0.058655  0.082906  0.044612  0.813827
0.051445  0.091925  0.054280  0.802349
0.048879  0.072779  0.040994  0.837348
0.050122  0.058250  0.039076  0.852552
0.042587  0.054226  0.030138  0.873049
0.034351  0.055198  0.041156  0.869295
0.053146  0.045315  0.046854  0.854685
0.093951  0.054523  0.055550  0.795976
0.162571  0.076127  0.057548  0.703754
0.223765  0.102457  0.061329  0.612449
0.273589  0.099460  0.067783  0.559168
0.266325  0.101485  0.088226  0.543964
0.244288  0.106643  0.116392  0.532676
0.299460  0.094869  0.107183  0.498488
0.280853  0.105050  0.124035  0.490062
0.245693  0.119525  0.141858  0.492925
0.233891  0.129760  0.146341  0.490008
0.234513  0.131731  0.147502  0.486254
0.228625  0.137294  0.155685  0.478396
0.230354  0.136997  0.152795  0.479854
0.227923  0.138725  0.156792  0.476560
0.235188  0.136970  0.165541  0.462301
0.226492  0.141264  0.160789  0.471456
0.229247  0.144802  0.160437  0.465514
0.229139  0.158169  0.172158  0.440535
0.236025  0.153200  0.167351  0.443424
0.239941  0.152066  0.165947  0.442047
0.239779  0.155874  0.165595  0.438752
0.240913  0.151472  0.164002  0.443613
0.237240  0.160329  0.174966  0.427464
0.237348  0.166001  0.173859  0.422792
0.247286  0.161653  0.171888  0.419174
0.240967  0.164056  0.177640  0.417337
0.237348  0.167675  0.178558  0.416419