0.307111  0.202643  0.191945  0.298301
0.312146  0.219635  0.150409  0.317810
0.306482  0.201385  0.183763  0.308370
0.345500  0.200126  0.191945  0.262429
0.305853  0.198238  0.216488  0.279421
0.295154  0.208307  0.213342  0.283197
0.350535  0.147892  0.191945  0.309629
0.317181  0.144745  0.161108  0.376967
0.350535  0.220264  0.137193  0.292008
0.418502  0.205790  0.123348  0.252360
0.353052  0.241661  0.144116  0.261171
0.302077  0.178729  0.242291  0.276904
0.293896  0.202014  0.261171  0.242920
0.404028  0.196350  0.146633  0.252989
0.319698  0.179358  0.164254  0.336690
0.040277  0.020768  0.914412  0.024544
0.864065  0.009440  0.103210  0.023285
0.019509  0.022026  0.949025  0.009440
0.014475  0.959723  0.003776  0.022026
0.005664  0.756451  0.009440  0.228446
0.015104  0.966646  0.000629  0.017621
0.091252  0.793581  0.013845  0.101322
0.095028  0.831970  0.009440  0.063562
0.928257  0.023914  0.011957  0.035872
0.830082  0.081183  0.054751  0.033984
0.921334  0.006293  0.030837  0.041536
0.293266  0.201385  0.183763  0.321586
0.316551  0.209566  0.222152  0.251731
0.313405  0.219006  0.159220  0.308370
0.307741  0.234739  0.205790  0.251731
0.314663  0.255507  0.166772  0.263059
0.286344  0.266205  0.146633  0.300818
0.313405  0.239773  0.181246  0.265576
0.308370  0.247955  0.174323  0.269352
0.341724  0.185022  0.199497  0.273757
0.336060  0.259912  0.175582  0.228446
0.319698  0.247955  0.177470  0.254877
0.295784  0.239144  0.198867  0.266205
0.271240  0.241661  0.200126  0.286973
0.282568  0.252360  0.172435  0.292637
0.283826  0.244179  0.160478  0.311517
0.304594  0.235997  0.196979  0.262429
0.336060  0.197609  0.159849  0.306482
0.339207  0.219635  0.199497  0.241661
0.283197  0.230963  0.208307  0.277533
0.289490  0.206419  0.202643  0.301447
0.296413  0.190686  0.204531  0.308370
0.273128  0.207048  0.203272  0.316551
0.317181  0.212712  0.186281  0.283826
0.307111  0.210824  0.185651  0.296413
0.293266  0.287602  0.164254  0.254877