0.219209  0.379661  0.261017  0.140113
0.235028  0.276836  0.203390  0.284746
0.120904  0.375141  0.273446  0.230508
0.207910  0.363842  0.228249  0.200000
0.261017  0.301695  0.261017  0.176271
0.264407  0.279096  0.328814  0.127684
0.285876  0.273446  0.299435  0.141243
0.202260  0.274576  0.318644  0.204520
0.190960  0.251977  0.333333  0.223729
0.287006  0.240678  0.287006  0.185311
0.166102  0.245198  0.390960  0.197740
0.178531  0.355932  0.328814  0.136723
0.210169  0.277966  0.251977  0.259887
0.115254  0.251977  0.453107  0.179661
0.231638  0.207910  0.392090  0.168362
0.195480  0.255367  0.384181  0.164972
0.274576  0.254237  0.257627  0.213559
0.236158  0.201130  0.310734  0.251977
0.092655  0.241808  0.467797  0.197740
0.257627  0.150282  0.302825  0.289266
0.137853  0.232768  0.516384  0.112994
0.223729  0.250847  0.327684  0.197740
0.238418  0.146893  0.335593  0.279096
0.175141  0.246328  0.466667  0.111864
0.305085  0.201130  0.175141  0.318644
0.081356  0.358192  0.458757  0.101695
0.068927  0.484746  0.244068  0.202260
0.275706  0.181921  0.164972  0.377401
0.174011  0.436158  0.232768  0.157062
0.312994  0.270056  0.228249  0.188701
0.167232  0.462147  0.213559  0.157062
0.150282  0.586441  0.210169  0.053107
0.320904  0.220339  0.112994  0.345763
0.066667  0.561582  0.261017  0.110734
0.222599  0.334463  0.181921  0.261017
0.247458  0.316384  0.271186  0.164972
0.267797  0.323164  0.245198  0.163842
0.127684  0.303955  0.297175  0.271186
0.112994  0.406780  0.239548  0.240678
0.171751  0.354802  0.183051  0.290395
0.155932  0.377401  0.245198  0.221469
0.281356  0.371751  0.218079  0.128814
0.151412  0.283616  0.317514  0.247458
0.151412  0.420339  0.197740  0.230508
0.215819  0.363842  0.229379  0.190960
0.267797  0.272316  0.228249  0.231638
0.244068  0.292655  0.281356  0.181921
0.178531  0.302825  0.261017  0.257627
0.190960  0.233898  0.265537  0.309605
0.140113  0.307345  0.343503  0.209040
0.115254  0.349153  0.233898  0.301695